,inning,batting_team,bowling_team,batsman,bowler,batsman_name,bowler_name,ovr,runs_batter,runs_w_extras,extras,x,y,z,cumul_runs,wicket,wicket_method,who_out
0,1,Scotland,New Zealand,25428,38108,Ryan Watson,Iain O'Brien,0.1,4.0,4.0,0.0,169.0,7.0,8.0,4.0,False,,
1,1,Scotland,New Zealand,25428,38108,Ryan Watson,Iain O'Brien,0.2,0.0,1.0,1.0,0.0,0.0,0.0,5.0,False,,
2,1,Scotland,New Zealand,19276,38108,Navdeep Poonia,Iain O'Brien,0.3,0.0,1.0,1.0,0.0,0.0,0.0,6.0,False,,
3,1,Scotland,New Zealand,25428,38108,Ryan Watson,Iain O'Brien,0.4,4.0,4.0,0.0,350.0,143.0,2.0,10.0,False,,
4,1,Scotland,New Zealand,25428,38108,Ryan Watson,Iain O'Brien,0.5,4.0,4.0,0.0,346.0,232.0,3.0,14.0,False,,
5,1,Scotland,New Zealand,25428,38108,Ryan Watson,Iain O'Brien,0.6,4.0,4.0,0.0,125.0,349.0,5.0,18.0,False,,
6,1,Scotland,New Zealand,19276,37004,Navdeep Poonia,James Franklin,1.1,0.0,0.0,0.0,0.0,0.0,0.0,18.0,False,,
7,1,Scotland,New Zealand,19276,37004,Navdeep Poonia,James Franklin,1.2,1.0,1.0,0.0,213.0,237.0,4.0,19.0,False,,
8,1,Scotland,New Zealand,25428,37004,Ryan Watson,James Franklin,1.3,4.0,4.0,0.0,324.0,284.0,3.0,23.0,False,,
9,1,Scotland,New Zealand,25428,37004,Ryan Watson,James Franklin,1.4,2.0,2.0,0.0,51.0,140.0,7.0,25.0,False,,
10,1,Scotland,New Zealand,25428,37004,Ryan Watson,James Franklin,1.5,4.0,4.0,0.0,147.0,8.0,8.0,29.0,False,,
11,1,Scotland,New Zealand,25428,37004,Ryan Watson,James Franklin,1.6,1.0,1.0,0.0,218.0,234.0,4.0,30.0,False,,
12,1,Scotland,New Zealand,25428,36331,Ryan Watson,Ian Butler,2.1,0.0,0.0,0.0,54.0,173.0,6.0,30.0,True,caught,25428
13,1,Scotland,New Zealand,19276,36331,Navdeep Poonia,Ian Butler,2.2,2.0,2.0,0.0,58.0,227.0,6.0,32.0,False,,
14,1,Scotland,New Zealand,19276,36331,Navdeep Poonia,Ian Butler,2.3,1.0,1.0,0.0,128.0,192.0,6.0,33.0,False,,
15,1,Scotland,New Zealand,25446,36331,Kyle Coetzer,Ian Butler,2.4,4.0,4.0,0.0,34.0,90.0,7.0,37.0,False,,
16,1,Scotland,New Zealand,25446,36331,Kyle Coetzer,Ian Butler,2.5,2.0,2.0,0.0,281.0,286.0,4.0,39.0,False,,
17,1,Scotland,New Zealand,25446,36331,Kyle Coetzer,Ian Butler,2.6,2.0,2.0,0.0,322.0,134.0,2.0,41.0,False,,
18,1,Scotland,New Zealand,19276,38062,Navdeep Poonia,Jacob Oram,3.1,4.0,4.0,0.0,203.0,7.0,1.0,45.0,False,,
19,1,Scotland,New Zealand,19276,38062,Navdeep Poonia,Jacob Oram,3.2,1.0,1.0,0.0,313.0,181.0,3.0,46.0,False,,
20,1,Scotland,New Zealand,25446,38062,Kyle Coetzer,Jacob Oram,3.3,0.0,0.0,0.0,0.0,0.0,0.0,46.0,False,,
21,1,Scotland,New Zealand,25446,38062,Kyle Coetzer,Jacob Oram,3.4,0.0,0.0,0.0,182.0,200.0,4.0,46.0,False,,
22,1,Scotland,New Zealand,25446,38062,Kyle Coetzer,Jacob Oram,3.5,2.0,2.0,0.0,324.0,216.0,3.0,48.0,False,,
23,1,Scotland,New Zealand,25446,38062,Kyle Coetzer,Jacob Oram,3.6,0.0,0.0,0.0,0.0,0.0,0.0,48.0,False,,
24,1,Scotland,New Zealand,19276,38373,Navdeep Poonia,Jesse Ryder,4.1,2.0,2.0,0.0,259.0,237.0,3.0,50.0,False,,
25,1,Scotland,New Zealand,19276,38373,Navdeep Poonia,Jesse Ryder,4.2,2.0,2.0,0.0,191.0,349.0,4.0,52.0,False,,
26,1,Scotland,New Zealand,19276,38373,Navdeep Poonia,Jesse Ryder,4.3,1.0,1.0,0.0,140.0,119.0,8.0,53.0,False,,
27,1,Scotland,New Zealand,25446,38373,Kyle Coetzer,Jesse Ryder,4.4,4.0,4.0,0.0,32.0,96.0,7.0,57.0,False,,
28,1,Scotland,New Zealand,25446,38373,Kyle Coetzer,Jesse Ryder,4.5,6.0,6.0,0.0,38.0,317.0,5.0,63.0,False,,
29,1,Scotland,New Zealand,25446,38373,Kyle Coetzer,Jesse Ryder,4.6,4.0,4.0,0.0,57.0,306.0,5.0,67.0,False,,
30,1,Scotland,New Zealand,19276,38062,Navdeep Poonia,Jacob Oram,5.1,1.0,1.0,0.0,223.0,315.0,4.0,68.0,False,,
31,1,Scotland,New Zealand,25446,38062,Kyle Coetzer,Jacob Oram,5.2,1.0,1.0,0.0,104.0,276.0,5.0,69.0,False,,
32,1,Scotland,New Zealand,19276,38062,Navdeep Poonia,Jacob Oram,5.3,4.0,4.0,0.0,280.0,35.0,1.0,73.0,False,,
33,1,Scotland,New Zealand,19276,38062,Navdeep Poonia,Jacob Oram,5.4,6.0,6.0,0.0,360.0,222.0,3.0,79.0,False,,
34,1,Scotland,New Zealand,19276,38062,Navdeep Poonia,Jacob Oram,5.5,1.0,1.0,0.0,146.0,236.0,5.0,80.0,False,,
35,1,Scotland,New Zealand,25446,38062,Kyle Coetzer,Jacob Oram,5.6,1.0,1.0,0.0,122.0,226.0,5.0,81.0,False,,
36,1,Scotland,New Zealand,25446,36331,Kyle Coetzer,Ian Butler,6.1,1.0,1.0,0.0,46.0,185.0,6.0,82.0,False,,
37,1,Scotland,New Zealand,19276,36331,Navdeep Poonia,Ian Butler,6.2,1.0,1.0,0.0,130.0,228.0,5.0,83.0,False,,
38,1,Scotland,New Zealand,25446,36331,Kyle Coetzer,Ian Butler,6.3,6.0,6.0,0.0,238.0,5.0,1.0,89.0,False,,
39,1,Scotland,New Zealand,25446,36331,Kyle Coetzer,Ian Butler,6.4,0.0,0.0,0.0,180.0,133.0,8.0,89.0,True,caught,25446
40,1,Scotland,New Zealand,298195,36331,Jan Stander,Ian Butler,6.5,0.0,0.0,0.0,0.0,0.0,0.0,89.0,True,run out,19276
41,1,Scotland,New Zealand,25112,36331,Colin Smith,Ian Butler,6.6,0.0,0.0,0.0,0.0,0.0,0.0,89.0,True,bowled,25112
42,2,New Zealand,Scotland,37737,232435,Brendon McCullum,Calum MacLeod,0.1,0.0,1.0,1.0,0.0,0.0,0.0,1.0,False,,
43,2,New Zealand,Scotland,37737,232435,Brendon McCullum,Calum MacLeod,0.1,1.0,1.0,0.0,224.0,245.0,4.0,2.0,False,,
44,2,New Zealand,Scotland,38373,232435,Jesse Ryder,Calum MacLeod,0.2,1.0,1.0,0.0,128.0,298.0,5.0,3.0,False,,
45,2,New Zealand,Scotland,37737,232435,Brendon McCullum,Calum MacLeod,0.3,4.0,4.0,0.0,9.0,169.0,6.0,7.0,False,,
46,2,New Zealand,Scotland,37737,232435,Brendon McCullum,Calum MacLeod,0.4,4.0,4.0,0.0,32.0,94.0,7.0,11.0,False,,
47,2,New Zealand,Scotland,37737,232435,Brendon McCullum,Calum MacLeod,0.5,4.0,4.0,0.0,47.0,70.0,7.0,15.0,False,,
48,2,New Zealand,Scotland,37737,232435,Brendon McCullum,Calum MacLeod,0.6,4.0,4.0,0.0,21.0,121.0,7.0,19.0,False,,
49,2,New Zealand,Scotland,38373,295644,Jesse Ryder,Gordon Drummond,1.1,3.0,3.0,0.0,61.0,105.0,7.0,22.0,False,,
50,2,New Zealand,Scotland,37737,295644,Brendon McCullum,Gordon Drummond,1.2,1.0,1.0,0.0,229.0,296.0,4.0,23.0,False,,
51,2,New Zealand,Scotland,38373,295644,Jesse Ryder,Gordon Drummond,1.3,0.0,1.0,1.0,219.0,247.0,4.0,24.0,False,,
52,2,New Zealand,Scotland,38373,295644,Jesse Ryder,Gordon Drummond,1.3,0.0,0.0,0.0,178.0,175.0,5.0,24.0,False,,
53,2,New Zealand,Scotland,38373,295644,Jesse Ryder,Gordon Drummond,1.4,4.0,4.0,0.0,324.0,285.0,3.0,28.0,False,,
54,2,New Zealand,Scotland,38373,295644,Jesse Ryder,Gordon Drummond,1.5,2.0,2.0,0.0,304.0,228.0,3.0,30.0,False,,
55,2,New Zealand,Scotland,38373,295644,Jesse Ryder,Gordon Drummond,1.6,1.0,1.0,0.0,49.0,156.0,7.0,31.0,False,,
56,2,New Zealand,Scotland,38373,25123,Jesse Ryder,Craig Wright,2.1,6.0,6.0,0.0,1.0,166.0,6.0,37.0,False,,
57,2,New Zealand,Scotland,38373,25123,Jesse Ryder,Craig Wright,2.2,4.0,4.0,0.0,130.0,348.0,5.0,41.0,False,,
58,2,New Zealand,Scotland,38373,25123,Jesse Ryder,Craig Wright,2.3,4.0,4.0,0.0,41.0,286.0,6.0,45.0,False,,
59,2,New Zealand,Scotland,38373,25123,Jesse Ryder,Craig Wright,2.4,6.0,6.0,0.0,348.0,276.0,3.0,51.0,False,,
60,2,New Zealand,Scotland,38373,25123,Jesse Ryder,Craig Wright,2.5,0.0,0.0,0.0,237.0,332.0,4.0,51.0,True,caught,38373
61,2,New Zealand,Scotland,37737,25123,Brendon McCullum,Craig Wright,2.6,0.0,0.0,0.0,119.0,153.0,7.0,51.0,False,,
62,2,New Zealand,Scotland,38699,295644,Ross Taylor,Gordon Drummond,3.1,4.0,4.0,0.0,316.0,296.0,3.0,55.0,False,,
63,2,New Zealand,Scotland,38699,295644,Ross Taylor,Gordon Drummond,3.2,2.0,3.0,1.0,294.0,112.0,2.0,58.0,True,run out,37737
64,2,New Zealand,Scotland,38699,295644,Ross Taylor,Gordon Drummond,3.2,1.0,1.0,0.0,94.0,203.0,6.0,59.0,True,run out,37737
65,2,New Zealand,Scotland,38062,295644,Jacob Oram,Gordon Drummond,3.3,1.0,1.0,0.0,130.0,289.0,5.0,60.0,False,,
66,2,New Zealand,Scotland,38699,295644,Ross Taylor,Gordon Drummond,3.4,1.0,1.0,0.0,268.0,288.0,4.0,61.0,False,,
67,2,New Zealand,Scotland,38062,295644,Jacob Oram,Gordon Drummond,3.5,2.0,2.0,0.0,295.0,269.0,3.0,63.0,False,,
68,2,New Zealand,Scotland,38062,295644,Jacob Oram,Gordon Drummond,3.6,1.0,1.0,0.0,233.0,220.0,4.0,64.0,False,,
69,2,New Zealand,Scotland,38062,25428,Jacob Oram,Ryan Watson,4.1,0.0,0.0,0.0,185.0,188.0,4.0,64.0,False,,
70,2,New Zealand,Scotland,38062,25428,Jacob Oram,Ryan Watson,4.2,4.0,4.0,0.0,229.0,14.0,1.0,68.0,False,,
71,2,New Zealand,Scotland,38062,25428,Jacob Oram,Ryan Watson,4.3,0.0,0.0,0.0,50.0,239.0,6.0,68.0,True,caught,38062
72,2,New Zealand,Scotland,38699,25428,Ross Taylor,Ryan Watson,4.4,0.0,0.0,0.0,0.0,0.0,0.0,68.0,False,,
73,2,New Zealand,Scotland,38699,25428,Ross Taylor,Ryan Watson,4.5,0.0,0.0,0.0,0.0,0.0,0.0,68.0,False,,
74,2,New Zealand,Scotland,38699,25428,Ross Taylor,Ryan Watson,4.6,0.0,0.0,0.0,181.0,155.0,1.0,68.0,False,,
75,2,New Zealand,Scotland,38407,298195,Scott Styris,Jan Stander,5.1,1.0,2.0,1.0,270.0,275.0,4.0,70.0,False,,
76,2,New Zealand,Scotland,38699,298195,Ross Taylor,Jan Stander,5.1,6.0,6.0,0.0,266.0,358.0,4.0,76.0,False,,
77,2,New Zealand,Scotland,38699,298195,Ross Taylor,Jan Stander,5.2,6.0,6.0,0.0,357.0,265.0,3.0,82.0,False,,
78,2,New Zealand,Scotland,38699,298195,Ross Taylor,Jan Stander,5.3,1.0,1.0,0.0,128.0,303.0,5.0,83.0,False,,
79,2,New Zealand,Scotland,38407,298195,Scott Styris,Jan Stander,5.4,6.0,6.0,0.0,298.0,353.0,4.0,89.0,False,,
80,2,New Zealand,Scotland,38407,298195,Scott Styris,Jan Stander,5.5,0.0,0.0,0.0,178.0,195.0,5.0,89.0,False,,
81,2,New Zealand,Scotland,38407,298195,Scott Styris,Jan Stander,5.6,1.0,1.0,0.0,244.0,153.0,2.0,90.0,False,,
