,inning,batting_team,bowling_team,batsman,bowler,batsman_name,bowler_name,ovr,runs_batter,runs_w_extras,extras,x,y,z,cumul_runs,wicket,wicket_method,who_out
0,1,Bangladesh,New Zealand,56194,38620,Tamim Iqbal,Daryl Tuffey,0.1,1.0,1.0,0.0,0.0,0.0,0.0,1.0,False,,
1,1,Bangladesh,New Zealand,55988,38620,Mohammad Ashraful,Daryl Tuffey,0.2,0.0,0.0,0.0,0.0,0.0,0.0,1.0,False,,
2,1,Bangladesh,New Zealand,55988,38620,Mohammad Ashraful,Daryl Tuffey,0.3,1.0,1.0,0.0,0.0,0.0,0.0,2.0,False,,
3,1,Bangladesh,New Zealand,56194,38620,Tamim Iqbal,Daryl Tuffey,0.4,1.0,1.0,0.0,0.0,0.0,0.0,3.0,False,,
4,1,Bangladesh,New Zealand,55988,38620,Mohammad Ashraful,Daryl Tuffey,0.5,0.0,0.0,0.0,0.0,0.0,0.0,3.0,False,,
5,1,Bangladesh,New Zealand,55988,38620,Mohammad Ashraful,Daryl Tuffey,0.6,1.0,1.0,0.0,0.0,0.0,0.0,4.0,False,,
6,1,Bangladesh,New Zealand,55988,232364,Mohammad Ashraful,Tim Southee,1.1,1.0,1.0,0.0,0.0,0.0,0.0,5.0,False,,
7,1,Bangladesh,New Zealand,56194,232364,Tamim Iqbal,Tim Southee,1.2,4.0,4.0,0.0,0.0,0.0,0.0,9.0,False,,
8,1,Bangladesh,New Zealand,56194,232364,Tamim Iqbal,Tim Southee,1.3,4.0,4.0,0.0,0.0,0.0,0.0,13.0,False,,
9,1,Bangladesh,New Zealand,56194,232364,Tamim Iqbal,Tim Southee,1.4,0.0,0.0,0.0,0.0,0.0,0.0,13.0,False,,
10,1,Bangladesh,New Zealand,56194,232364,Tamim Iqbal,Tim Southee,1.5,4.0,4.0,0.0,0.0,0.0,0.0,17.0,False,,
11,1,Bangladesh,New Zealand,56194,232364,Tamim Iqbal,Tim Southee,1.6,0.0,0.0,0.0,0.0,0.0,0.0,17.0,False,,
12,1,Bangladesh,New Zealand,55988,38620,Mohammad Ashraful,Daryl Tuffey,2.1,1.0,1.0,0.0,0.0,0.0,0.0,18.0,False,,
13,1,Bangladesh,New Zealand,56194,38620,Tamim Iqbal,Daryl Tuffey,2.2,0.0,0.0,0.0,0.0,0.0,0.0,18.0,False,,
14,1,Bangladesh,New Zealand,56194,38620,Tamim Iqbal,Daryl Tuffey,2.3,0.0,0.0,0.0,0.0,0.0,0.0,18.0,True,caught,56194
15,1,Bangladesh,New Zealand,56266,38620,Aftab Ahmed,Daryl Tuffey,2.4,0.0,0.0,0.0,0.0,0.0,0.0,18.0,False,,
16,1,Bangladesh,New Zealand,56266,38620,Aftab Ahmed,Daryl Tuffey,2.5,0.0,0.0,0.0,0.0,0.0,0.0,18.0,False,,
17,1,Bangladesh,New Zealand,56266,38620,Aftab Ahmed,Daryl Tuffey,2.6,0.0,0.0,0.0,0.0,0.0,0.0,18.0,False,,
18,1,Bangladesh,New Zealand,55988,232364,Mohammad Ashraful,Tim Southee,3.1,0.0,1.0,1.0,0.0,0.0,0.0,19.0,False,,
19,1,Bangladesh,New Zealand,56266,232364,Aftab Ahmed,Tim Southee,3.2,0.0,0.0,0.0,0.0,0.0,0.0,19.0,False,,
20,1,Bangladesh,New Zealand,56266,232364,Aftab Ahmed,Tim Southee,3.3,0.0,0.0,0.0,0.0,0.0,0.0,19.0,False,,
21,1,Bangladesh,New Zealand,56266,232364,Aftab Ahmed,Tim Southee,3.4,0.0,0.0,0.0,0.0,0.0,0.0,19.0,False,,
22,1,Bangladesh,New Zealand,56266,232364,Aftab Ahmed,Tim Southee,3.5,1.0,1.0,0.0,0.0,0.0,0.0,20.0,False,,
23,1,Bangladesh,New Zealand,55988,232364,Mohammad Ashraful,Tim Southee,3.6,1.0,1.0,0.0,0.0,0.0,0.0,21.0,False,,
24,1,Bangladesh,New Zealand,55988,38620,Mohammad Ashraful,Daryl Tuffey,4.1,1.0,1.0,0.0,0.0,0.0,0.0,22.0,False,,
25,1,Bangladesh,New Zealand,56266,38620,Aftab Ahmed,Daryl Tuffey,4.2,0.0,0.0,0.0,0.0,0.0,0.0,22.0,False,,
26,1,Bangladesh,New Zealand,56266,38620,Aftab Ahmed,Daryl Tuffey,4.3,4.0,4.0,0.0,0.0,0.0,0.0,26.0,False,,
27,1,Bangladesh,New Zealand,56266,38620,Aftab Ahmed,Daryl Tuffey,4.4,1.0,1.0,0.0,0.0,0.0,0.0,27.0,False,,
28,1,Bangladesh,New Zealand,55988,38620,Mohammad Ashraful,Daryl Tuffey,4.5,4.0,4.0,0.0,0.0,0.0,0.0,31.0,False,,
29,1,Bangladesh,New Zealand,55988,38620,Mohammad Ashraful,Daryl Tuffey,4.6,0.0,0.0,0.0,0.0,0.0,0.0,31.0,False,,
30,1,Bangladesh,New Zealand,56266,37004,Aftab Ahmed,James Franklin,5.1,0.0,0.0,0.0,0.0,0.0,0.0,31.0,False,,
31,1,Bangladesh,New Zealand,56266,37004,Aftab Ahmed,James Franklin,5.2,6.0,6.0,0.0,0.0,0.0,0.0,37.0,False,,
32,1,Bangladesh,New Zealand,56266,37004,Aftab Ahmed,James Franklin,5.3,0.0,0.0,0.0,0.0,0.0,0.0,37.0,False,,
33,1,Bangladesh,New Zealand,56266,37004,Aftab Ahmed,James Franklin,5.4,0.0,0.0,0.0,0.0,0.0,0.0,37.0,True,bowled,56266
34,1,Bangladesh,New Zealand,56143,37004,Shakib Al Hasan,James Franklin,5.5,0.0,0.0,0.0,0.0,0.0,0.0,37.0,False,,
35,1,Bangladesh,New Zealand,56143,37004,Shakib Al Hasan,James Franklin,5.6,2.0,2.0,0.0,0.0,0.0,0.0,39.0,False,,
36,1,Bangladesh,New Zealand,55988,38710,Mohammad Ashraful,Daniel Vettori,6.1,0.0,0.0,0.0,0.0,0.0,0.0,39.0,False,,
37,1,Bangladesh,New Zealand,55988,38710,Mohammad Ashraful,Daniel Vettori,6.2,1.0,1.0,0.0,0.0,0.0,0.0,40.0,False,,
38,1,Bangladesh,New Zealand,56143,38710,Shakib Al Hasan,Daniel Vettori,6.3,1.0,1.0,0.0,0.0,0.0,0.0,41.0,False,,
39,1,Bangladesh,New Zealand,55988,38710,Mohammad Ashraful,Daniel Vettori,6.4,0.0,0.0,0.0,0.0,0.0,0.0,41.0,True,caught,55988
40,1,Bangladesh,New Zealand,56143,38710,Shakib Al Hasan,Daniel Vettori,6.5,0.0,1.0,1.0,0.0,0.0,0.0,42.0,False,,
41,1,Bangladesh,New Zealand,56029,38710,Mushfiqur Rahim,Daniel Vettori,6.6,0.0,0.0,0.0,0.0,0.0,0.0,42.0,True,leg before wicket,56029
42,1,Bangladesh,New Zealand,56143,37749,Shakib Al Hasan,Nathan McCullum,7.1,0.0,0.0,0.0,0.0,0.0,0.0,42.0,True,bowled,56143
43,1,Bangladesh,New Zealand,56054,37749,Naeem Islam,Nathan McCullum,7.2,1.0,1.0,0.0,0.0,0.0,0.0,43.0,False,,
44,1,Bangladesh,New Zealand,56025,37749,Mahmudullah,Nathan McCullum,7.3,0.0,0.0,0.0,0.0,0.0,0.0,43.0,False,,
45,1,Bangladesh,New Zealand,56025,37749,Mahmudullah,Nathan McCullum,7.4,0.0,0.0,0.0,0.0,0.0,0.0,43.0,False,,
46,1,Bangladesh,New Zealand,56025,37749,Mahmudullah,Nathan McCullum,7.5,0.0,0.0,0.0,0.0,0.0,0.0,43.0,False,,
47,1,Bangladesh,New Zealand,56025,37749,Mahmudullah,Nathan McCullum,7.6,0.0,0.0,0.0,0.0,0.0,0.0,43.0,False,,
48,1,Bangladesh,New Zealand,56054,38710,Naeem Islam,Daniel Vettori,8.1,1.0,1.0,0.0,0.0,0.0,0.0,44.0,False,,
49,1,Bangladesh,New Zealand,56025,38710,Mahmudullah,Daniel Vettori,8.2,0.0,0.0,0.0,0.0,0.0,0.0,44.0,False,,
50,1,Bangladesh,New Zealand,56025,38710,Mahmudullah,Daniel Vettori,8.3,1.0,1.0,0.0,0.0,0.0,0.0,45.0,False,,
51,1,Bangladesh,New Zealand,56054,38710,Naeem Islam,Daniel Vettori,8.4,0.0,0.0,0.0,0.0,0.0,0.0,45.0,False,,
52,1,Bangladesh,New Zealand,56054,38710,Naeem Islam,Daniel Vettori,8.5,1.0,1.0,0.0,0.0,0.0,0.0,46.0,False,,
53,1,Bangladesh,New Zealand,56025,38710,Mahmudullah,Daniel Vettori,8.6,0.0,0.0,0.0,0.0,0.0,0.0,46.0,False,,
54,1,Bangladesh,New Zealand,56054,37749,Naeem Islam,Nathan McCullum,9.1,1.0,1.0,0.0,0.0,0.0,0.0,47.0,False,,
55,1,Bangladesh,New Zealand,56025,37749,Mahmudullah,Nathan McCullum,9.2,4.0,4.0,0.0,0.0,0.0,0.0,51.0,False,,
56,1,Bangladesh,New Zealand,56025,37749,Mahmudullah,Nathan McCullum,9.3,0.0,0.0,0.0,0.0,0.0,0.0,51.0,False,,
57,1,Bangladesh,New Zealand,56025,37749,Mahmudullah,Nathan McCullum,9.4,0.0,0.0,0.0,0.0,0.0,0.0,51.0,False,,
58,1,Bangladesh,New Zealand,56025,37749,Mahmudullah,Nathan McCullum,9.5,1.0,1.0,0.0,0.0,0.0,0.0,52.0,False,,
59,1,Bangladesh,New Zealand,56054,37749,Naeem Islam,Nathan McCullum,9.6,0.0,0.0,0.0,0.0,0.0,0.0,52.0,False,,
60,1,Bangladesh,New Zealand,56025,38710,Mahmudullah,Daniel Vettori,10.1,0.0,0.0,0.0,0.0,0.0,0.0,52.0,False,,
61,1,Bangladesh,New Zealand,56025,38710,Mahmudullah,Daniel Vettori,10.2,0.0,0.0,0.0,0.0,0.0,0.0,52.0,False,,
62,1,Bangladesh,New Zealand,56025,38710,Mahmudullah,Daniel Vettori,10.3,0.0,0.0,0.0,0.0,0.0,0.0,52.0,False,,
63,1,Bangladesh,New Zealand,56025,38710,Mahmudullah,Daniel Vettori,10.4,1.0,1.0,0.0,0.0,0.0,0.0,53.0,False,,
64,1,Bangladesh,New Zealand,56054,38710,Naeem Islam,Daniel Vettori,10.5,0.0,0.0,0.0,0.0,0.0,0.0,53.0,False,,
65,1,Bangladesh,New Zealand,56054,38710,Naeem Islam,Daniel Vettori,10.6,0.0,0.0,0.0,0.0,0.0,0.0,53.0,False,,
66,1,Bangladesh,New Zealand,56025,37749,Mahmudullah,Nathan McCullum,11.1,0.0,0.0,0.0,0.0,0.0,0.0,53.0,False,,
67,1,Bangladesh,New Zealand,56025,37749,Mahmudullah,Nathan McCullum,11.2,0.0,0.0,0.0,0.0,0.0,0.0,53.0,False,,
68,1,Bangladesh,New Zealand,56025,37749,Mahmudullah,Nathan McCullum,11.3,1.0,1.0,0.0,0.0,0.0,0.0,54.0,False,,
69,1,Bangladesh,New Zealand,56054,37749,Naeem Islam,Nathan McCullum,11.4,0.0,0.0,0.0,0.0,0.0,0.0,54.0,False,,
70,1,Bangladesh,New Zealand,56054,37749,Naeem Islam,Nathan McCullum,11.5,1.0,1.0,0.0,0.0,0.0,0.0,55.0,False,,
71,1,Bangladesh,New Zealand,56025,37749,Mahmudullah,Nathan McCullum,11.6,1.0,1.0,0.0,0.0,0.0,0.0,56.0,False,,
72,1,Bangladesh,New Zealand,56025,38062,Mahmudullah,Jacob Oram,12.1,1.0,1.0,0.0,0.0,0.0,0.0,57.0,False,,
73,1,Bangladesh,New Zealand,56054,38062,Naeem Islam,Jacob Oram,12.2,0.0,0.0,0.0,0.0,0.0,0.0,57.0,True,bowled,56054
74,1,Bangladesh,New Zealand,56093,38062,Raqibul Hasan,Jacob Oram,12.3,0.0,0.0,0.0,0.0,0.0,0.0,57.0,False,,
75,1,Bangladesh,New Zealand,56093,38062,Raqibul Hasan,Jacob Oram,12.4,0.0,0.0,0.0,0.0,0.0,0.0,57.0,False,,
76,1,Bangladesh,New Zealand,56093,38062,Raqibul Hasan,Jacob Oram,12.5,1.0,1.0,0.0,0.0,0.0,0.0,58.0,False,,
77,1,Bangladesh,New Zealand,56025,38062,Mahmudullah,Jacob Oram,12.6,1.0,1.0,0.0,0.0,0.0,0.0,59.0,False,,
78,1,Bangladesh,New Zealand,56025,37749,Mahmudullah,Nathan McCullum,13.1,0.0,0.0,0.0,0.0,0.0,0.0,59.0,False,,
79,1,Bangladesh,New Zealand,56025,37749,Mahmudullah,Nathan McCullum,13.2,0.0,0.0,0.0,0.0,0.0,0.0,59.0,True,caught,56025
80,1,Bangladesh,New Zealand,56149,37749,Shahadat Hossain,Nathan McCullum,13.3,1.0,1.0,0.0,0.0,0.0,0.0,60.0,False,,
81,1,Bangladesh,New Zealand,56093,37749,Raqibul Hasan,Nathan McCullum,13.4,0.0,0.0,0.0,0.0,0.0,0.0,60.0,False,,
82,1,Bangladesh,New Zealand,56093,37749,Raqibul Hasan,Nathan McCullum,13.5,0.0,0.0,0.0,0.0,0.0,0.0,60.0,False,,
83,1,Bangladesh,New Zealand,56093,37749,Raqibul Hasan,Nathan McCullum,13.6,4.0,4.0,0.0,0.0,0.0,0.0,64.0,False,,
84,1,Bangladesh,New Zealand,56149,38710,Shahadat Hossain,Daniel Vettori,14.1,0.0,0.0,0.0,0.0,0.0,0.0,64.0,False,,
85,1,Bangladesh,New Zealand,56149,38710,Shahadat Hossain,Daniel Vettori,14.2,0.0,0.0,0.0,0.0,0.0,0.0,64.0,True,stumped,56149
86,1,Bangladesh,New Zealand,288305,38710,Shafiul Islam,Daniel Vettori,14.3,0.0,0.0,0.0,0.0,0.0,0.0,64.0,False,,
87,1,Bangladesh,New Zealand,288305,38710,Shafiul Islam,Daniel Vettori,14.4,0.0,0.0,0.0,0.0,0.0,0.0,64.0,False,,
88,1,Bangladesh,New Zealand,288305,38710,Shafiul Islam,Daniel Vettori,14.5,0.0,0.0,0.0,0.0,0.0,0.0,64.0,False,,
89,1,Bangladesh,New Zealand,288305,38710,Shafiul Islam,Daniel Vettori,14.6,0.0,0.0,0.0,0.0,0.0,0.0,64.0,False,,
90,1,Bangladesh,New Zealand,56093,38062,Raqibul Hasan,Jacob Oram,15.1,4.0,4.0,0.0,0.0,0.0,0.0,68.0,False,,
91,1,Bangladesh,New Zealand,56093,38062,Raqibul Hasan,Jacob Oram,15.2,1.0,1.0,0.0,0.0,0.0,0.0,69.0,False,,
92,1,Bangladesh,New Zealand,288305,38062,Shafiul Islam,Jacob Oram,15.3,0.0,0.0,0.0,0.0,0.0,0.0,69.0,False,,
93,1,Bangladesh,New Zealand,288305,38062,Shafiul Islam,Jacob Oram,15.4,1.0,1.0,0.0,0.0,0.0,0.0,70.0,False,,
94,1,Bangladesh,New Zealand,56093,38062,Raqibul Hasan,Jacob Oram,15.5,1.0,1.0,0.0,0.0,0.0,0.0,71.0,False,,
95,1,Bangladesh,New Zealand,288305,38062,Shafiul Islam,Jacob Oram,15.6,0.0,0.0,0.0,0.0,0.0,0.0,71.0,False,,
96,1,Bangladesh,New Zealand,56093,38620,Raqibul Hasan,Daryl Tuffey,16.1,1.0,1.0,0.0,0.0,0.0,0.0,72.0,False,,
97,1,Bangladesh,New Zealand,288305,38620,Shafiul Islam,Daryl Tuffey,16.2,0.0,0.0,0.0,0.0,0.0,0.0,72.0,False,,
98,1,Bangladesh,New Zealand,288305,38620,Shafiul Islam,Daryl Tuffey,16.3,0.0,0.0,0.0,0.0,0.0,0.0,72.0,True,caught,288305
99,1,Bangladesh,New Zealand,56056,38620,Nazmul Hossain,Daryl Tuffey,16.4,0.0,0.0,0.0,0.0,0.0,0.0,72.0,False,,
100,1,Bangladesh,New Zealand,56056,38620,Nazmul Hossain,Daryl Tuffey,16.5,0.0,0.0,0.0,0.0,0.0,0.0,72.0,False,,
101,1,Bangladesh,New Zealand,56056,38620,Nazmul Hossain,Daryl Tuffey,16.6,0.0,0.0,0.0,0.0,0.0,0.0,72.0,False,,
102,1,Bangladesh,New Zealand,56093,38062,Raqibul Hasan,Jacob Oram,17.1,6.0,6.0,0.0,0.0,0.0,0.0,78.0,False,,
103,1,Bangladesh,New Zealand,56093,38062,Raqibul Hasan,Jacob Oram,17.2,0.0,0.0,0.0,0.0,0.0,0.0,78.0,False,,
104,1,Bangladesh,New Zealand,56093,38062,Raqibul Hasan,Jacob Oram,17.3,0.0,0.0,0.0,0.0,0.0,0.0,78.0,True,caught,56093
105,2,New Zealand,Bangladesh,37737,56149,Brendon McCullum,Shahadat Hossain,0.1,0.0,0.0,0.0,0.0,0.0,0.0,0.0,False,,
106,2,New Zealand,Bangladesh,37737,56149,Brendon McCullum,Shahadat Hossain,0.2,0.0,1.0,1.0,0.0,0.0,0.0,1.0,False,,
107,2,New Zealand,Bangladesh,37737,56149,Brendon McCullum,Shahadat Hossain,0.2,4.0,4.0,0.0,0.0,0.0,0.0,5.0,False,,
108,2,New Zealand,Bangladesh,37737,56149,Brendon McCullum,Shahadat Hossain,0.3,0.0,0.0,0.0,0.0,0.0,0.0,5.0,False,,
109,2,New Zealand,Bangladesh,37737,56149,Brendon McCullum,Shahadat Hossain,0.4,1.0,1.0,0.0,0.0,0.0,0.0,6.0,False,,
110,2,New Zealand,Bangladesh,38952,56149,Peter Ingram,Shahadat Hossain,0.5,0.0,0.0,0.0,0.0,0.0,0.0,6.0,False,,
111,2,New Zealand,Bangladesh,38952,56149,Peter Ingram,Shahadat Hossain,0.6,0.0,0.0,0.0,0.0,0.0,0.0,6.0,False,,
112,2,New Zealand,Bangladesh,37737,56056,Brendon McCullum,Nazmul Hossain,1.1,1.0,1.0,0.0,0.0,0.0,0.0,7.0,False,,
113,2,New Zealand,Bangladesh,38952,56056,Peter Ingram,Nazmul Hossain,1.2,4.0,4.0,0.0,0.0,0.0,0.0,11.0,False,,
114,2,New Zealand,Bangladesh,38952,56056,Peter Ingram,Nazmul Hossain,1.3,1.0,1.0,0.0,0.0,0.0,0.0,12.0,False,,
115,2,New Zealand,Bangladesh,37737,56056,Brendon McCullum,Nazmul Hossain,1.4,0.0,0.0,0.0,0.0,0.0,0.0,12.0,False,,
116,2,New Zealand,Bangladesh,37737,56056,Brendon McCullum,Nazmul Hossain,1.5,2.0,2.0,0.0,0.0,0.0,0.0,14.0,False,,
117,2,New Zealand,Bangladesh,37737,56056,Brendon McCullum,Nazmul Hossain,1.6,1.0,1.0,0.0,0.0,0.0,0.0,15.0,False,,
118,2,New Zealand,Bangladesh,37737,288305,Brendon McCullum,Shafiul Islam,2.1,1.0,1.0,0.0,0.0,0.0,0.0,16.0,False,,
119,2,New Zealand,Bangladesh,38952,288305,Peter Ingram,Shafiul Islam,2.2,4.0,4.0,0.0,0.0,0.0,0.0,20.0,False,,
120,2,New Zealand,Bangladesh,38952,288305,Peter Ingram,Shafiul Islam,2.3,0.0,0.0,0.0,0.0,0.0,0.0,20.0,False,,
121,2,New Zealand,Bangladesh,38952,288305,Peter Ingram,Shafiul Islam,2.4,1.0,1.0,0.0,0.0,0.0,0.0,21.0,False,,
122,2,New Zealand,Bangladesh,37737,288305,Brendon McCullum,Shafiul Islam,2.5,1.0,1.0,0.0,0.0,0.0,0.0,22.0,False,,
123,2,New Zealand,Bangladesh,38952,288305,Peter Ingram,Shafiul Islam,2.6,0.0,0.0,0.0,0.0,0.0,0.0,22.0,False,,
124,2,New Zealand,Bangladesh,37737,56056,Brendon McCullum,Nazmul Hossain,3.1,4.0,4.0,0.0,0.0,0.0,0.0,26.0,False,,
125,2,New Zealand,Bangladesh,37737,56056,Brendon McCullum,Nazmul Hossain,3.2,0.0,0.0,0.0,0.0,0.0,0.0,26.0,False,,
126,2,New Zealand,Bangladesh,37737,56056,Brendon McCullum,Nazmul Hossain,3.3,5.0,5.0,0.0,0.0,0.0,0.0,31.0,False,,
127,2,New Zealand,Bangladesh,38952,56056,Peter Ingram,Nazmul Hossain,3.4,0.0,0.0,0.0,0.0,0.0,0.0,31.0,False,,
128,2,New Zealand,Bangladesh,38952,56056,Peter Ingram,Nazmul Hossain,3.5,0.0,1.0,1.0,0.0,0.0,0.0,32.0,False,,
129,2,New Zealand,Bangladesh,37737,56056,Brendon McCullum,Nazmul Hossain,3.6,0.0,0.0,0.0,0.0,0.0,0.0,32.0,False,,
130,2,New Zealand,Bangladesh,38952,56149,Peter Ingram,Shahadat Hossain,4.1,0.0,0.0,0.0,0.0,0.0,0.0,32.0,False,,
131,2,New Zealand,Bangladesh,38952,56149,Peter Ingram,Shahadat Hossain,4.2,1.0,1.0,0.0,0.0,0.0,0.0,33.0,False,,
132,2,New Zealand,Bangladesh,37737,56149,Brendon McCullum,Shahadat Hossain,4.3,0.0,0.0,0.0,0.0,0.0,0.0,33.0,False,,
133,2,New Zealand,Bangladesh,37737,56149,Brendon McCullum,Shahadat Hossain,4.4,0.0,0.0,0.0,0.0,0.0,0.0,33.0,False,,
134,2,New Zealand,Bangladesh,37737,56149,Brendon McCullum,Shahadat Hossain,4.5,4.0,4.0,0.0,0.0,0.0,0.0,37.0,False,,
135,2,New Zealand,Bangladesh,37737,56149,Brendon McCullum,Shahadat Hossain,4.6,4.0,4.0,0.0,0.0,0.0,0.0,41.0,False,,
136,2,New Zealand,Bangladesh,38952,56143,Peter Ingram,Shakib Al Hasan,5.1,0.0,0.0,0.0,0.0,0.0,0.0,41.0,False,,
137,2,New Zealand,Bangladesh,38952,56143,Peter Ingram,Shakib Al Hasan,5.2,2.0,2.0,0.0,0.0,0.0,0.0,43.0,False,,
138,2,New Zealand,Bangladesh,38952,56143,Peter Ingram,Shakib Al Hasan,5.3,0.0,0.0,0.0,0.0,0.0,0.0,43.0,False,,
139,2,New Zealand,Bangladesh,38952,56143,Peter Ingram,Shakib Al Hasan,5.4,0.0,1.0,1.0,0.0,0.0,0.0,44.0,False,,
140,2,New Zealand,Bangladesh,37737,56143,Brendon McCullum,Shakib Al Hasan,5.5,1.0,1.0,0.0,0.0,0.0,0.0,45.0,False,,
141,2,New Zealand,Bangladesh,38952,56143,Peter Ingram,Shakib Al Hasan,5.6,4.0,4.0,0.0,0.0,0.0,0.0,49.0,False,,
142,2,New Zealand,Bangladesh,37737,56149,Brendon McCullum,Shahadat Hossain,6.1,4.0,4.0,0.0,0.0,0.0,0.0,53.0,False,,
143,2,New Zealand,Bangladesh,37737,56149,Brendon McCullum,Shahadat Hossain,6.2,6.0,6.0,0.0,0.0,0.0,0.0,59.0,False,,
144,2,New Zealand,Bangladesh,37737,56149,Brendon McCullum,Shahadat Hossain,6.3,1.0,1.0,0.0,0.0,0.0,0.0,60.0,False,,
145,2,New Zealand,Bangladesh,38952,56149,Peter Ingram,Shahadat Hossain,6.4,0.0,0.0,0.0,0.0,0.0,0.0,60.0,False,,
146,2,New Zealand,Bangladesh,38952,56149,Peter Ingram,Shahadat Hossain,6.5,2.0,2.0,0.0,0.0,0.0,0.0,62.0,False,,
147,2,New Zealand,Bangladesh,38952,56149,Peter Ingram,Shahadat Hossain,6.6,0.0,0.0,0.0,0.0,0.0,0.0,62.0,False,,
148,2,New Zealand,Bangladesh,37737,56143,Brendon McCullum,Shakib Al Hasan,7.1,1.0,1.0,0.0,0.0,0.0,0.0,63.0,False,,
149,2,New Zealand,Bangladesh,38952,56143,Peter Ingram,Shakib Al Hasan,7.2,0.0,0.0,0.0,0.0,0.0,0.0,63.0,False,,
150,2,New Zealand,Bangladesh,38952,56143,Peter Ingram,Shakib Al Hasan,7.3,1.0,1.0,0.0,0.0,0.0,0.0,64.0,False,,
151,2,New Zealand,Bangladesh,37737,56143,Brendon McCullum,Shakib Al Hasan,7.4,6.0,6.0,0.0,0.0,0.0,0.0,70.0,False,,
152,2,New Zealand,Bangladesh,37737,56143,Brendon McCullum,Shakib Al Hasan,7.5,1.0,1.0,0.0,0.0,0.0,0.0,71.0,False,,
153,2,New Zealand,Bangladesh,38952,56143,Peter Ingram,Shakib Al Hasan,7.6,0.0,0.0,0.0,0.0,0.0,0.0,71.0,False,,
154,2,New Zealand,Bangladesh,37737,56266,Brendon McCullum,Aftab Ahmed,8.1,4.0,4.0,0.0,0.0,0.0,0.0,75.0,False,,
155,2,New Zealand,Bangladesh,37737,56266,Brendon McCullum,Aftab Ahmed,8.2,4.0,4.0,0.0,0.0,0.0,0.0,79.0,False,,
